/usr/bin/python2.7 /home/anbangx/PycharmProjects/Data-Mining/assignment1.py
[('age', 74), ('capital-gain', 120), ('capital-loss', 93), ('education-num', 17), ('fnlwgt', 21649), ('hours-per-week', 95)]
-----------------------------------------------------------------------------------------------------------
Computing conditional probabilities of education for age:
binned_age          (16.927, 24.3]  (24.3, 31.6]  (31.6, 38.9]  (38.9, 46.2]  (46.2, 53.5]  (53.5, 60.8]  (60.8, 68.1]  (68.1, 75.4]  (75.4, 82.7]  All  P(age = (16.927, 24.3] | race = Amer-Indian-Eskimo)  P(age = (24.3, 31.6] | race = Amer-Indian-Eskimo)
race
Amer-Indian-Eskimo              50            74            56            66            33            20             8             2             2  311                                           0.160772                                             0.237942
All                             50            74            56            66            33            20             8             2             2  311                                           0.160772                                             0.237942
binned_age          (16.927, 24.3]  (24.3, 31.6]  (31.6, 38.9]  (38.9, 46.2]  (46.2, 53.5]  (53.5, 60.8]  (60.8, 68.1]  (68.1, 75.4]  (75.4, 82.7]  (82.7, 90]   All  P(age = (16.927, 24.3] | race = Asian-Pac-Islander)  P(age = (24.3, 31.6] | race = Asian-Pac-Islander)
race
Asian-Pac-Islander             167           216           212           209           108            70            35            15             2           5  1039                                           0.160731                                             0.207892
All                            167           216           212           209           108            70            35            15             2           5  1039                                           0.160731                                             0.207892
binned_age  (16.927, 24.3]  (24.3, 31.6]  (31.6, 38.9]  (38.9, 46.2]  (46.2, 53.5]  (53.5, 60.8]  (60.8, 68.1]  (68.1, 75.4]  (75.4, 82.7]  (82.7, 90]   All  P(age = (16.927, 24.3] | race = Black)  P(age = (24.3, 31.6] | race = Black)
race
Black                  512           617           615           621           373           219           127            28             7           5  3124                                0.163892                              0.197503
All                    512           617           615           621           373           219           127            28             7           5  3124                                0.163892                              0.197503
binned_age  (16.927, 24.3]  (24.3, 31.6]  (31.6, 38.9]  (38.9, 46.2]  (46.2, 53.5]  (53.5, 60.8]  (60.8, 68.1]  (68.1, 75.4]  (75.4, 82.7]  All  P(age = (16.927, 24.3] | race = Other)  P(age = (24.3, 31.6] | race = Other)
race
Other                   60            82            47            44            24             9             3             1             1  271                                0.221402                              0.302583
All                     60            82            47            44            24             9             3             1             1  271                                0.221402                              0.302583
binned_age  (16.927, 24.3]  (24.3, 31.6]  (31.6, 38.9]  (38.9, 46.2]  (46.2, 53.5]  (53.5, 60.8]  (60.8, 68.1]  (68.1, 75.4]  (75.4, 82.7]  (82.7, 90]    All  P(age = (16.927, 24.3] | race = White)  P(age = (24.3, 31.6] | race = White)
race
White                 4781          4901          5118          5223          3429          2273          1422           450           162          57  27816                                0.171879                              0.176194
All                   4781          4901          5118          5223          3429          2273          1422           450           162          57  27816                                0.171879                              0.176194

Process finished with exit code 0
